image_width: 1280
image_height: 720
camera_name: external_cam
camera_matrix:
  rows: 3
  cols: 3
  data: [981.383623674383, 0, 625.604417926951, 0, 978.403976366632, 422.358064496598, 0, 0, 1]
distortion_model: plumb_bob
distortion_coefficients:
  rows: 1
  cols: 5
  data: [0.109040349006843, -0.138053984041734, 0.00785778729609656, -0.0158031768042683, 0]
rectification_matrix:
  rows: 3
  cols: 3
  data: [1, 0, 0, 0, 1, 0, 0, 0, 1]
projection_matrix:
  rows: 3
  cols: 4
  data: [1001.84136962891, 0, 604.516150132378, 0, 0, 1012.43469238281, 427.601841956275, 0, 0, 0, 1, 0]