image_width: 1280
image_height: 720
camera_name: external_cam
camera_matrix:
  rows: 3
  cols: 3
  data: [904.514519, 0.000000, 658.053281, 0.000000, 907.380700, 344.705142, 0.000000, 0.000000, 1.000000]
distortion_model: plumb_bob
distortion_coefficients:
  rows: 1
  cols: 5
  data: [0.084141, -0.156794, -0.0007522, 0.004027, 0.00000]
rectification_matrix:
  rows: 3
  cols: 3
  data: [1.000000, 0.000000, 0.000000, 0.000000, 1.000000, 0.000000, 0.000000, 0.000000, 1.000000]
projection_matrix:
  rows: 3
  cols: 4
  data: [906.204346, 0.000000, 664.855263, 0.000000, 0.000000, 918.750854, 339.999893, 0.000000, 0.000000, 0.000000, 1.000000, 0.000000]
