image_width: 640
image_height: 480
camera_name: external_cam
camera_matrix:
  rows: 3
  cols: 3
  data: [650.577610157369, 0, 331.019280291833, 0, 649.940553093797, 258.968249986678, 0, 0, 1]
distortion_model: plumb_bob
distortion_coefficients:
  rows: 1
  cols: 5
  data: [0.157358049035457, -0.272589194113039, -0.00202590550291158, -0.0022581649615707, 0]
rectification_matrix:
  rows: 3
  cols: 3
  data: [1, 0, 0, 0, 1, 0, 0, 0, 1]
projection_matrix:
  rows: 3
  cols: 4
  data: [665.013244628906, 0, 329.43230847994, 0, 0, 664.525756835938, 257.694063044746, 0, 0, 0, 1, 0]
